0	5	17	5	7	14	12	18	2	8
5	0	10	12	10	15	19	17	17	4
17	10	0	9	9	9	18	11	6	16
5	12	9	0	17	12	7	10	3	18
7	10	9	17	0	1	10	8	1	9
14	15	9	12	1	0	16	19	5	5
12	19	18	7	10	16	0	5	2	10
18	17	11	10	8	19	5	0	16	5
2	17	6	3	1	5	2	16	0	18
8	4	16	18	9	5	10	5	18	0
